1     # ionic step
 Electronic state energy (eV) and occupations
 Spin number 1
 spin=1 k-point=1/1 Cartesian=0.0000000 0.0000000 0.0000000 (40339 plane wave)
 1 -6.457477674419789 0.9999999999976762
 2 -0.1942689138906449 0.000000000000000
 3 0.8565865883791343 0.000000000000000
 4 0.8565941480551088 0.000000000000000
 5 0.8566036435602066 0.000000000000000
 6 1.274473586887246 0.000000000000000
 7 1.274481673336829 0.000000000000000
 8 1.450674729344902 0.000000000000000
 9 2.245086909845920 0.000000000000000
 10 2.245097269466029 0.000000000000000

1     # ionic step
 Electronic state energy (eV) and occupations
 Spin number 1
 spin=1 k-point=1/1 Cartesian=0.0000000 0.0000000 0.0000000 (135883 plane wave)
 1 -6.478297842447616 1.000000000099744
 2 -0.07684140822991971 0.000000000000000
 3 0.4525494883558297 0.000000000000000
 4 0.4525566524420445 0.000000000000000
 5 0.4525630781899866 0.000000000000000
 6 0.5488719962214826 0.000000000000000
 7 0.6392979826405815 0.000000000000000
 8 0.6393175681933613 0.000000000000000
 9 1.012096565454499 0.000000000000000
 10 1.012104138050166 0.000000000000000
 11 1.012109428298414 0.000000000000000
 12 1.259542239766847 0.000000000000000
 13 1.259559565828010 0.000000000000000
 14 1.259570145770377 0.000000000000000
 15 1.291345681681078 0.000000000000000
 16 1.300954646324185 0.000000000000000
 17 1.300971473146287 0.000000000000000
 18 1.318453281407819 0.000000000000000
 19 1.318466294963772 0.000000000000000
 20 1.318481571844397 0.000000000000000
 21 1.801123596345923 0.000000000000000
 22 1.801127198261973 0.000000000000000
 23 1.801135851750487 0.000000000000000
 24 1.920464784939948 0.000000000000000
 25 1.920467512552749 0.000000000000000

